1 60 2086 182
1 29 1671 182
0 22 3 156
0 31 725 211
1 37 -666 204
0 28 0 188
1 45 644 92
1 84 1791 62
1 34 788 269
1 40 188 570
0 36 811 229
1 37 1276 156
1 44 1704 312
1 36 1355 256
1 60 -410 143
0 34 2561 554
1 60 4428 382
1 49 8689 586
0 30 0 88
1 48 -298 77
1 67 1443 245
1 55 2 392
1 34 652 50
1 36 878 108
1 62 495 494
1 59 111 312
1 28 153 77
1 35 650 241
0 39 600 277
0 32 160 48
1 47 -149 504
1 33 9725 131
1 48 363 257
1 31 89 167
0 27 619 16
0 28 3761 623
0 31 1 223
1 52 133 253
1 31 330 260
0 34 60 274
1 39 8637 78
0 31 391 416
0 34 1049 101
0 22 466 269
1 36 0 344
0 32 481 150
0 27 1 73
0 31 8436 162
0 39 400 237
1 49 400 151
1 52 523 113
1 43 -312 26
1 61 5157 432
1 42 14282 649
1 59 4589 94
0 26 141 19
0 28 128 460
1 46 0 343
0 37 444 1063
0 31 855 94
1 33 293 834
1 45 814 691
0 32 721 323
1 56 450 16
0 44 4492 19
1 30 942 146
0 40 858 173
1 50 877 181
1 48 279 211
0 27 294 466
1 42 792 611
1 44 3610 23
0 33 406 61
0 28 0 188
1 38 195 165
0 31 696 184
1 59 56 396
1 34 56 311
1 45 1259 507
1 58 1831 1531
1 56 5 122
1 45 0 112
1 40 1207 105
1 29 425 562
0 35 635 547
1 57 1301 63
0 21 61 141
0 50 424 72
0 34 212 278
1 37 10 162
1 39 293 160
1 33 23 53
1 44 233 161
0 36 -330 256
0 35 -206 85
1 60 5 433
1 54 0 159
1 35 1906 102
1 50 669 88
1 44 2887 182
1 37 0 236
1 38 507 95
1 29 250 371
1 40 -407 905
1 37 2019 368
0 32 18 305
0 24 23878 133
0 34 391 192
1 37 223 144
0 26 814 1387
1 37 -254 256
1 40 59 420
1 36 64 130
1 54 0 220
1 31 447 327
1 34 87 139
0 27 513 351
1 43 1579 176
0 38 399 367
0 35 1618 542
1 39 0 63
1 32 1660 1389
1 40 -496 22
1 50 0 328
1 44 267 508
1 50 0 152
1 41 0 157
0 44 607 119
1 33 968 95
0 31 1340 185
0 35 714 263
1 39 3294 116
1 41 11103 55
1 42 0 72
1 36 183 103
0 25 1954 66
1 44 -407 119
1 57 718 170
0 31 538 660
0 32 137 302
1 47 72 278
0 32 703 489
1 36 543 225
1 45 803 742
1 55 2171 138
1 83 425 883
1 59 21 127
1 39 2019 166
1 74 10253 84
1 47 66 358
0 35 123 83
0 53 4 259
0 41 572 419
0 30 1070 446
0 27 -152 14
1 41 366 237
1 27 0 837
1 51 980 114
0 37 361 174
1 52 659 517
1 45 -72 306
1 42 165 169
0 33 687 178
1 35 5367 80
0 25 230 394
1 50 167 189
1 46 1034 109
0 35 6809 139
1 59 500 94
1 48 717 450
0 38 876 5
1 28 422 394
1 46 2551 645
1 35 36 1656
1 61 3140 975
0 27 4574 187
0 26 0 339
0 32 0 7
1 33 0 163
1 50 1158 150
0 48 5904 127
0 37 -59 70
1 41 196 488
1 47 292 277
1 46 410 162
0 60 2190 601
0 32 911 42
1 54 1827 167
1 51 425 124
0 33 350 148
1 30 -393 435
1 48 2235 755
0 26 71 390
0 31 1815 1541
1 34 677 37
1 77 121 191
1 37 15 136
0 32 2360 152
1 40 752 456
1 32 2068 143
1 40 3944 64
1 29 1606 17
1 50 1903 175
1 35 216 70
0 32 741 238
0 22 4111 65
0 32 435 676
0 31 13711 1532
1 29 138 113
1 36 96 302
0 35 142 155
1 56 8163 1231
1 35 -326 518
1 32 356 56
1 56 4889 705
1 48 0 18
1 45 -839 68
1 38 2453 108
0 40 2854 354
0 38 470 87
0 27 923 139
0 30 69 300
0 37 7245 143
1 34 1221 210
0 32 787 92
1 40 -22 84
1 41 0 624
0 28 127 1334
1 51 0 68
1 45 1192 260
1 55 57 162
1 48 2892 407
1 46 459 221
1 45 827 319
0 35 292 220
0 43 11269 92
0 25 548 281
1 32 1297 250
1 47 275 447
1 31 0 71
0 37 115 74
1 60 -222 82
0 33 1500 133
1 34 1414 192
1 34 105 314
1 26 714 183
1 37 520 54
0 33 0 1106
1 35 4135 106
0 30 447 103
1 34 622 145
0 41 169 712
0 32 8866 278
0 33 0 99
1 51 25856 129
0 33 1925 87
0 26 1050 118
0 29 1026 226
1 47 452 113
0 32 0 96
1 45 266 376
0 23 250 222
0 27 3511 300
1 57 0 187
0 35 747 91
1 33 523 18
0 28 551 161
1 49 17432 102
1 60 458 103
1 34 -106 237
1 28 448 188
1 36 0 103
1 32 456 121
1 39 0 173
1 52 1039 146
1 46 3941 499
1 41 771 106
1 51 -1137 567
1 27 373 49
0 25 1179 43
0 44 3438 68
1 41 780 432
0 37 34 285
0 37 2505 420
1 34 134 159
1 52 0 163
1 45 850 211
1 34 7962 96
1 24 541 622
1 44 1850 274
0 45 1088 132
1 49 402 571
1 53 38 321
0 35 397 594
1 29 246 45
1 30 167 255
1 37 54 106
0 26 153 386
0 24 -1329 50
1 34 0 97
0 33 350 137
1 53 811 405
1 48 2960 86
1 52 2428 294
0 35 951 220
1 53 115 336
1 36 1313 80
0 41 145 1833
1 43 2 472
0 44 237 54
1 37 4760 182
0 38 4317 216
1 56 1119 265
1 38 580 572
0 53 1162 322
1 34 6808 8
0 34 549 1246
1 41 14 161
1 49 1456 225
0 29 1768 426
1 29 8 41
1 58 2445 1403
1 34 1089 394
1 60 362 816
1 42 994 227
1 40 0 87
0 30 276 159
1 40 695 270
0 34 1281 109
1 33 120 250
1 50 0 179
1 31 498 445
1 52 2439 212
1 54 6812 108
1 47 -1 302
1 36 1506 326
1 52 1645 248
1 52 247 268
1 44 -68 121
0 29 2955 226
0 45 999 182
0 34 1322 170
1 47 2173 189
1 59 -13 77
0 28 171 324
1 39 942 880
1 37 4439 70
1 40 263 761
1 58 781 74
0 21 1596 115
1 34 349 133
1 38 854 112
1 31 -81 261
1 38 -14 124
0 33 179 432
1 31 851 158
1 49 82 310
1 49 0 78
0 35 0 226
1 63 0 73
0 27 13 103
1 36 702 52
1 33 463 76
1 40 2132 143
1 36 2987 307
1 34 2929 518
1 44 373 122
0 38 0 240
1 56 2796 39
1 83 0 140
0 23 922 538
0 25 2206 114
1 33 1166 90
1 44 1265 555
1 54 4608 352
1 54 230 401
0 27 831 1081
1 47 48 170
1 35 26 277
1 57 1681 226
1 62 3904 403
0 36 134 36
0 37 160 204
1 39 117 1032
1 30 21 409
1 29 0 218
1 60 1407 112
0 31 -248 5
1 31 2 182
1 31 -365 36
1 30 359 117
1 33 0 214
1 40 13 178
1 48 194 62
1 43 284 256
1 35 0 190
1 30 877 202
0 38 8637 193
1 43 13044 36
1 32 76 189
1 52 596 113
0 27 10 17
0 27 512 220
1 25 806 193
1 53 2124 123
1 40 4853 259
0 27 0 13
1 36 1477 71
1 37 2066 34
0 46 3 85
1 55 93 111
1 33 847 127
1 40 104 470
1 34 1075 460
0 25 295 169
1 36 345 223
0 34 4062 29
1 55 5443 264
1 54 -248 112
0 33 171 71
0 27 456 104
1 33 -81 267
0 21 -42 5
1 58 -27 77
1 38 0 267
1 37 421 85
1 33 302 670
0 26 5005 117
1 49 27 131
1 38 702 92
0 33 635 124
0 35 565 763
0 43 54 62
1 42 414 400
0 38 864 364
1 44 858 362
0 27 1029 71
1 45 0 196
1 28 655 179
1 35 618 293
0 34 1 582
1 36 78 2692
0 26 4751 231
1 44 26 952
1 30 2074 98
0 32 1962 130
1 35 2926 182
1 48 2688 610
0 44 483 207
0 45 5287 252
1 34 326 150
0 31 449 174
1 45 1323 550
0 30 676 214
1 59 402 69
0 60 2934 233
0 33 -56 119
1 40 733 94
1 36 141 106
0 28 697 404
1 53 37 51
1 59 2239 431
0 27 0 400
0 36 810 296
1 29 8 233
1 27 1918 61
1 35 0 113
1 40 -282 223
0 28 2335 624
0 23 382 74
1 43 275 69
1 35 5250 343
1 54 175 94
0 37 17 164
1 57 -133 197
1 33 511 304
1 26 -219 311
0 44 99 187
1 53 0 291
1 51 1760 162
1 35 372 202
0 25 674 736
0 33 118 159
1 34 1072 136
0 27 2 15
1 42 994 149
1 33 221 122
1 48 -160 84
1 55 971 154
0 43 375 163
1 52 1797 92
0 36 7503 25
1 33 1021 361
1 59 2074 467
1 60 315 840
0 36 -17 159
1 59 14 319
1 45 639 192
1 43 108 420
1 28 0 339
1 26 3415 209
1 44 0 113
0 40 1265 97
0 29 -72 208
1 41 881 75
1 39 5222 102
1 54 45 142
0 35 2110 39
0 30 0 271
1 49 523 152
1 60 1433 124
1 37 1967 774
1 40 13669 255
1 54 198 69
1 39 2976 134
1 31 439 5
1 33 3605 308
1 75 4984 509
0 28 23 154
1 41 920 239
1 46 4343 185
1 58 268 516
0 33 0 208
0 29 353 184
0 27 434 127
1 32 0 149
1 58 0 84
1 41 890 829
1 57 0 16
1 33 5151 124
1 44 744 574
1 54 1378 240
1 36 -1941 505
1 49 383 31
1 34 1 53
0 30 1286 44
0 33 278 563
0 26 132 194
1 48 1939 163
0 29 102 111
1 39 5201 317
0 25 320 549
0 42 3371 284
1 43 50 63
1 36 753 351
1 34 -118 230
1 58 136 211
1 54 -41 288
0 30 2 19
0 22 552 327
0 31 3677 325
1 37 -88 225
1 30 20 272
1 38 2084 71
0 25 154 312
1 43 66 175
1 44 622 66
0 25 4599 120
0 30 500 176
1 48 0 1233
1 32 1156 185
0 47 917 293
1 36 3127 147
1 41 143 659
1 56 345 605
1 36 352 139
1 48 4770 616
1 37 115 78
1 52 83 135
1 36 -11 172
0 32 2696 238
0 28 6321 204
1 55 39 281
1 49 599 174
1 52 1933 153
0 34 1923 159
1 52 2977 286
0 30 10152 1108
1 39 247 244
1 55 541 512
0 26 3730 93
0 34 -14 85
1 38 0 571
0 30 0 730
0 26 -3 1022
0 28 1 181
1 54 310 526
0 31 411 91
1 55 312 13
0 33 433 54
1 51 0 111
1 34 21 332
1 34 0 18
1 32 684 607
1 45 -149 287
1 51 825 977
0 31 2398 16
1 27 2729 218
1 34 2021 51
0 31 1340 199
1 42 1333 468
1 34 2726 67
1 41 -204 42
1 40 1954 1107
1 37 3420 77
1 38 338 219
0 27 540 115
1 51 260 316
0 27 438 10
0 47 311 255
1 50 -454 241
0 27 769 317
1 58 1874 103
0 38 4 129
1 32 120 214
1 27 1 49
1 41 262 159
0 27 134 68
1 55 6205 233
0 40 96 181
0 38 293 166
1 55 161 226
1 43 0 184
1 30 160 83
0 31 0 11
1 31 0 81
1 38 666 1452
1 41 3029 251
0 51 1994 771
1 40 669 161
1 43 91 37
1 45 5640 18
0 29 1729 479
0 25 1135 396
0 29 68 658
0 60 7440 92
0 25 -113 300
1 43 6 365
0 23 214 44
1 30 -176 47
1 52 1415 163
0 34 1157 103
1 36 895 622
1 31 368 414
1 27 53 362
1 49 0 52
1 47 3659 364
0 29 92 175
1 48 231 752
0 37 254 120
1 43 3373 156
1 45 17 66
1 55 3876 54
1 51 614 9
0 29 640 150
0 36 4752 446
1 37 454 115
0 31 0 213
1 43 -250 104
0 32 557 112
0 42 283 446
0 28 775 603
1 32 937 76
0 31 605 222
1 32 552 98
1 52 9687 936
1 37 3723 354
0 28 5549 383
1 30 581 197
1 53 241 1410
0 26 2610 626
0 34 -303 17
1 59 32 121
1 27 594 433
1 48 480 371
0 32 2285 413
1 34 -694 62
1 33 40 110
1 34 848 684
1 32 4 195
1 56 9246 143
1 33 0 301
1 31 -82 543
1 35 1471 236
1 52 576 762
1 39 283 126
0 31 7826 133
0 34 2658 265
0 49 1040 474
1 31 224 20
0 32 84 37
1 39 195 74
1 38 1401 516
0 30 316 130
0 33 255 247
1 53 1296 115
0 40 90 252
1 31 171 81
0 26 521 123
1 48 101 549
1 52 0 322
0 20 0 69
0 29 499 338
0 42 150 135
1 54 0 144
0 32 -56 418
0 36 577 155
1 35 788 223
1 47 536 778
1 30 0 30
0 44 696 680
0 28 1636 97
0 38 11971 327
0 40 27 467
0 46 44 225
1 45 273 163
1 37 0 76
1 35 286 949
1 48 74 315
1 36 300 287
1 45 2269 233
0 46 10 64
1 49 0 218
1 47 389 145
1 40 3658 977
1 32 2089 192
1 37 -67 157
0 29 391 166
0 30 297 188
1 33 7154 153
0 32 160 48
0 57 104 297
1 56 778 315
1 40 22 145
1 61 6384 55
1 48 638 217
1 33 2213 240
1 51 34 69
1 38 7005 696
1 73 2850 184
0 25 1119 1063
1 43 642 644
1 38 1004 444
1 34 336 713
1 31 309 146
1 34 425 289
1 54 -305 280
0 35 670 106
0 37 105 197
1 57 256 227
1 34 479 65
1 53 1778 186
1 63 2 45
1 34 3037 65
0 35 53 80
1 33 0 14
1 40 257 731
1 36 419 34
1 32 463 128
1 32 205 197
0 36 0 63
1 29 727 87
1 52 2569 258
1 36 758 236
1 59 0 145
1 48 292 271
0 31 190 514
1 52 1815 131
0 26 1222 108
1 38 1391 614
0 31 15 119
0 33 3770 757
1 43 -1415 58
1 41 2125 285
0 28 3430 72
0 32 930 122
1 38 215 115
1 51 6840 257
0 27 0 504
1 38 0 172
0 35 337 127
0 37 133 576
1 57 197 116
1 44 734 38
0 29 1579 190
0 30 157 74
1 53 8563 69
1 49 0 178
1 42 597 124
0 27 3687 335
1 49 0 138
1 47 338 344
1 35 -547 101
0 25 5 138
0 41 4477 357
1 45 31 393
1 54 284 127
1 53 49 254
0 27 63 98
0 25 -247 633
1 37 86 1424
1 45 1686 355
1 43 -177 172
1 53 359 238
1 37 421 381
1 29 -28 531
1 33 2599 1373
0 40 419 100
1 49 2765 233
0 31 18 109
1 55 -24 176
1 41 2812 447
1 41 532 414
0 45 5694 214
0 28 551 264
0 25 1871 136
1 73 1388 254
0 31 1377 371
1 58 260 71
0 28 95 255
0 41 184 1054
0 26 55 165
1 38 976 766
1 60 5 533
1 34 151 546
1 31 1183 676
1 41 4903 155
1 38 10357 103
1 32 257 74
1 29 0 186
0 34 0 132
0 36 1869 122
0 47 2540 110
1 54 211 160
1 32 -56 405
1 42 803 171
0 25 2 264
0 48 479 148
0 27 0 323
1 31 3338 122
0 26 155 291
1 36 26 73
1 36 0 456
1 29 1713 227
1 31 1138 254
1 48 4852 41
1 43 150 290
1 55 2944 672
1 44 6393 156
1 35 22 109
1 55 366 365
1 51 1069 27
1 53 6112 211
0 37 1560 67
1 46 640 108
0 30 849 261
1 39 599 53
1 43 2331 364
1 32 203 219
0 30 500 178
1 59 1245 285
1 46 179 129
0 26 494 237
0 27 2420 391
1 54 19213 100
0 28 102 64
1 56 6114 168
0 36 317 348
1 62 115 75
1 32 3939 209
0 26 203 104
1 40 0 106
1 56 1922 247
0 35 0 495
0 33 -258 193
1 40 84 715
0 39 1537 805
1 60 3029 26
1 59 3534 216
1 45 1343 220
1 41 733 69
1 30 1251 11
1 37 0 143
0 37 199 186
0 30 1636 301
1 37 417 1212
0 38 211 236
0 41 1026 59
0 32 3289 375
0 50 2040 149
1 39 31 61
1 44 3463 290
0 28 26765 210
0 34 1279 339
1 58 -607 145
1 40 1819 398
0 39 3281 90
1 35 2878 140
1 43 5145 51
1 39 99 170
1 52 321 141
1 30 1930 80
1 48 89 34
1 37 427 371
1 53 1713 160
1 66 995 131
0 24 1535 126
1 35 198 282
1 57 140 143
1 39 1551 389
1 37 2848 280
1 36 3763 83
1 33 631 51
1 51 330 72
1 39 1524 567
1 43 7343 217
1 34 -331 342
0 44 184 196
1 37 1941 151
1 33 296 90
1 56 2190 90
1 58 111 39
0 42 196 325
0 34 171 191
0 30 2593 662
1 36 0 156
0 30 -63 94
0 34 1313 427
0 34 589 44
1 45 3492 46
0 40 355 345
1 38 563 251
1 59 0 393
1 38 69 915
1 54 1063 690
1 34 352 288
1 42 132 238
1 52 768 82
0 41 1646 261
1 48 2739 173
1 50 633 302
1 52 0 363
0 36 4788 241
1 44 3407 179
0 25 2503 100
1 29 -753 98
0 37 123 136
1 40 535 11
0 32 457 109
0 57 739 172
1 28 751 598
1 44 1808 127
0 26 19 268
1 34 -367 85
1 42 401 581
0 33 5437 201
1 55 2313 551
1 36 670 126
1 45 146 294
0 28 1199 1011
0 31 3283 377
1 35 2 221
1 60 5207 160
1 25 4923 266
0 28 4054 133
1 42 -350 149
1 28 217 860
0 33 0 816
1 60 594 35
0 34 5945 285
0 33 213 163
0 31 660 207
1 59 410 136
1 34 279 498
0 35 4959 91
1 38 226 762
1 34 -549 405
1 58 175 92
0 29 261 66
0 39 300 180
1 39 3165 56
1 33 134 91
0 31 1598 152
1 50 1412 131
1 56 5737 11
1 34 303 226
0 45 -139 663
1 31 263 75
0 38 103 159
1 50 5108 140
1 57 9103 1098
0 41 431 128
1 42 1093 260
1 37 32 146
1 43 25 70
1 24 51 187
0 30 125 140
0 37 102 445
1 31 0 215
0 39 97 379
