1 75 5
1 55 2
0 75 2
0 45 5
0 65 6
0 55 9
1 75 2
1 45 5
0 75 6
1 35 11
0 65 6
1 75 10
1 45 11
1 75 5
1 55 7
0 55 2
1 45 3
0 65 1
0 95 7
1 35 1
1 75 3
1 55 4
1 55 2
1 75 9
1 75 3
1 75 1
1 65 3
0 75 5
0 75 3
0 75 3
0 55 3
1 75 1
1 35 3
1 75 6
0 45 9
0 75 1
0 55 6
1 85 2
0 75 6
0 45 4
1 25 5
0 75 2
0 75 4
0 95 2
1 55 1
0 35 4
0 65 6
0 55 7
0 85 9
1 65 4
1 45 9
1 85 7
1 85 2
1 75 2
1 5 3
0 75 5
0 75 7
1 45 3
0 55 9
0 65 1
1 65 8
1 25 3
0 75 2
1 65 9
0 65 8
1 65 2
0 65 10
1 85 3
1 55 4
0 65 3
1 75 8
1 75 4
0 55 9
0 55 5
0 75 2
0 65 6
1 75 2
1 15 3
1 45 6
1 65 3
1 75 4
0 65 5
1 65 6
1 65 5
0 85 3
1 75 8
0 75 3
0 85 3
0 25 1
1 55 14
1 85 6
1 55 4
1 85 13
0 65 2
0 75 4
1 65 3
1 75 11
1 45 1
1 75 12
0 85 6
1 65 5
1 55 5
1 85 4
0 55 8
1 85 4
0 45 3
0 65 1
0 65 11
1 95 2
0 65 4
1 35 5
1 85 2
1 75 9
1 95 11
1 65 8
0 65 1
0 55 9
1 75 6
0 45 1
0 55 4
1 65 1
1 75 2
0 45 5
1 55 12
1 85 7
0 85 1
1 55 6
0 65 2
1 55 4
0 85 1
0 65 2
1 95 11
0 85 3
0 65 13
1 55 8
0 75 3
1 75 2
0 45 2
0 55 2
0 85 7
1 65 3
0 65 2
1 75 2
1 55 5
1 65 3
1 45 7
1 85 5
1 65 10
0 85 5
1 85 6
0 35 4
0 75 5
0 55 4
0 55 4
0 65 10
1 85 6
1 45 2
1 75 6
0 65 9
1 75 2
1 55 5
1 65 3
0 75 13
1 75 5
0 75 4
1 35 2
1 45 2
0 65 4
1 55 5
1 65 5
0 75 4
1 75 3
0 75 3
0 45 7
1 65 6
0 65 8
0 65 2
0 55 3
1 45 6
1 85 10
0 75 6
0 65 4
1 65 5
1 75 5
1 45 3
0 85 4
0 85 1
1 65 1
1 65 1
0 75 4
1 85 9
1 75 1
0 85 3
0 65 3
1 85 6
1 75 1
1 45 2
0 65 2
1 65 6
1 75 2
1 35 5
1 65 1
0 55 11
1 75 11
0 55 8
0 65 6
0 65 14
0 75 2
1 75 2
0 65 1
0 75 1
1 75 12
1 75 14
0 75 1
0 45 1
0 75 1
1 95 3
1 95 2
0 55 6
0 65 2
0 65 4
0 55 3
0 45 3
1 65 6
0 65 5
1 55 4
1 55 4
0 75 1
1 65 1
1 75 1
0 45 4
1 75 3
1 45 6
1 45 5
0 75 3
0 75 8
0 65 3
1 65 1
1 75 2
1 55 4
0 65 12
1 75 1
0 75 3
1 55 2
1 55 4
1 65 3
1 95 4
0 75 8
1 45 5
0 85 1
1 65 10
0 55 6
0 15 2
0 85 4
1 55 6
0 75 6
0 65 2
0 85 3
1 55 3
0 85 9
1 55 1
0 35 4
0 85 8
0 75 2
0 55 2
1 85 5
0 75 3
1 75 2
0 75 6
1 55 4
1 75 2
1 55 6
1 85 5
1 85 5
1 65 2
1 45 5
0 85 8
1 65 7
1 55 3
0 45 2
0 75 2
1 95 1
0 45 1
0 45 8
0 65 3
1 45 4
0 75 14
1 75 2
0 65 7
1 45 3
0 55 7
1 65 1
1 75 5
0 65 1
1 95 11
1 85 6
1 55 1
0 65 2
0 75 1
1 65 1
0 65 3
1 85 11
1 75 3
1 85 6
0 75 6
1 35 2
1 45 7
0 45 1
1 85 5
0 55 3
1 75 2
0 55 7
0 55 10
1 65 1
0 85 7
1 75 5
0 95 7
0 55 13
1 65 3
0 65 5
1 75 5
1 75 4
1 75 6
0 95 4
1 65 4
1 65 1
0 75 1
0 75 2
0 65 6
1 85 1
1 65 1
1 65 3
1 65 4
1 55 4
1 55 1
1 55 3
1 75 2
1 65 5
1 45 5
0 45 4
0 45 3
0 55 5
0 65 1
1 75 6
0 65 4
1 75 8
1 55 2
1 65 4
0 75 3
0 65 2
0 45 3
1 55 2
1 95 4
1 35 2
0 75 1
0 65 4
1 45 3
1 45 3
0 65 1
0 85 1
0 65 3
1 55 7
1 65 6
1 55 1
1 65 3
1 75 4
1 55 4
0 15 1
1 65 3
0 75 2
0 65 3
0 75 3
1 85 4
1 75 1
0 35 4
1 45 7
0 95 4
1 85 3
1 85 5
1 75 9
1 55 5
0 65 4
0 75 2
1 65 6
0 75 6
1 75 2
1 85 3
0 55 10
1 65 3
1 75 5
1 85 3
1 55 4
0 55 1
1 55 4
1 55 3
1 95 3
1 75 2
0 85 9
1 45 5
1 75 7
0 75 2
0 75 1
0 75 2
1 65 2
1 75 7
1 75 1
0 65 4
1 45 7
1 55 2
0 55 1
0 75 2
1 95 1
1 85 2
1 85 7
0 45 4
1 65 3
0 75 3
1 35 3
0 35 4
0 55 3
0 55 5
1 85 2
0 65 7
1 75 6
1 65 3
1 55 7
1 75 4
0 65 2
0 65 1
1 75 5
0 85 3
0 75 5
0 65 3
1 75 2
0 75 8
1 45 2
0 55 2
1 75 13
0 75 9
1 85 9
0 75 4
1 75 5
0 65 5
1 65 6
1 55 7
0 65 3
1 85 3
1 75 1
0 65 4
0 55 1
1 75 5
0 65 2
1 75 6
0 85 4
0 65 6
0 45 2
0 65 4
0 75 10
1 75 12
0 75 2
1 65 1
1 65 2
0 45 2
0 35 4
1 75 4
1 45 1
1 65 6
1 75 1
0 65 6
0 15 1
0 55 4
1 85 2
1 65 3
0 85 11
1 65 6
1 75 9
1 35 2
0 85 5
1 75 7
1 95 12
1 65 4
0 55 3
0 55 5
1 85 3
0 85 8
1 45 2
0 55 5
1 45 7
1 85 9
0 35 3
1 95 5
0 75 6
1 55 2
1 65 5
1 55 3
0 75 3
1 25 6
0 65 8
1 65 4
1 55 4
1 55 1
0 55 6
0 75 8
0 85 8
1 65 1
1 75 10
1 85 6
0 65 2
0 75 8
1 75 3
1 55 2
0 55 8
1 65 9
1 75 5
1 75 8
0 55 5
1 85 2
1 75 3
0 75 7
1 75 5
1 35 2
1 85 6
0 55 13
0 55 2
0 75 8
1 75 4
0 55 5
1 75 2
1 45 2
0 5 3
1 65 2
1 75 2
1 95 5
1 65 1
0 65 3
0 95 4
0 85 1
0 85 8
1 65 5
0 85 4
0 35 1
0 55 1
0 45 1
1 65 6
1 85 8
1 45 6
0 85 1
1 75 4
0 75 2
0 75 3
0 65 6
1 65 6
1 55 3
1 75 3
0 75 3
1 45 3
1 65 9
0 55 2
0 55 4
1 75 8
1 55 6
0 75 3
0 45 8
1 65 2
1 65 1
1 95 6
0 75 3
1 75 3
1 75 3
1 35 2
0 85 1
0 95 3
1 65 3
1 35 2
1 75 2
0 45 4
1 65 9
0 65 4
1 75 1
0 45 5
0 85 1
0 75 5
1 75 10
0 65 12
0 55 5
0 95 2
1 65 5
0 65 3
1 45 11
0 75 6
0 55 3
0 85 4
1 75 3
1 55 4
1 65 10
1 75 4
0 45 2
1 75 4
1 55 2
0 65 1
0 65 12
1 65 1
0 55 4
0 55 1
1 95 7
1 55 3
0 65 7
1 25 3
0 55 2
0 45 3
1 75 4
0 55 4
1 75 7
0 45 4
1 35 6
1 65 9
0 45 1
0 65 9
1 85 14
0 55 2
0 65 1
1 55 1
1 65 5
1 65 7
0 55 2
1 95 6
1 65 4
1 85 5
0 85 4
1 85 4
1 65 11
0 45 2
0 75 6
0 65 4
0 65 2
0 75 7
0 55 2
1 55 4
0 65 5
1 85 5
1 55 5
0 55 5
0 75 1
1 35 8
1 65 5
1 35 2
0 55 2
0 65 4
1 55 9
0 65 6
1 55 3
0 55 4
1 75 2
1 45 2
0 65 4
0 75 8
1 55 1
0 75 3
1 85 5
0 55 4
0 65 2
0 45 1
1 75 6
0 85 1
0 65 2
1 85 7
1 45 4
0 55 1
1 75 6
1 85 9
0 65 10
0 75 4
1 95 3
1 35 2
0 65 5
0 65 2
1 45 4
0 75 6
1 65 3
1 85 3
1 55 5
0 75 3
1 85 9
1 85 6
1 75 5
1 45 3
0 65 9
0 35 3
0 75 1
1 65 5
0 65 6
1 85 2
1 85 4
0 75 12
0 75 3
1 85 9
0 65 7
0 75 1
0 65 5
1 85 6
1 75 2
0 45 12
0 85 1
0 75 1
1 55 1
0 55 1
0 75 6
1 85 3
1 75 2
1 75 4
0 55 2
0 85 4
0 55 2
0 85 1
0 75 6
1 45 2
1 65 11
0 55 1
1 65 1
1 75 1
0 85 1
0 65 2
1 75 6
1 55 1
1 85 3
1 85 4
1 85 12
0 55 3
0 75 5
0 75 1
0 65 4
0 75 7
1 95 5
1 85 5
1 65 4
1 55 5
0 95 3
1 75 8
1 75 14
1 85 4
0 55 5
1 35 1
1 75 10
1 75 8
1 75 12
1 75 8
0 45 5
0 65 4
0 55 3
1 65 4
1 75 8
1 85 6
1 55 11
1 65 6
0 85 1
0 35 3
1 65 12
1 85 5
0 35 3
0 85 4
0 65 4
1 55 3
1 85 9
1 25 4
0 75 3
1 65 3
0 65 3
1 85 1
0 45 3
1 65 2
0 65 4
0 85 4
1 55 4
1 65 2
0 45 1
0 65 2
1 25 5
1 45 7
0 65 3
1 85 1
0 85 5
0 65 7
0 45 9
1 85 5
0 65 2
0 75 7
1 45 2
1 65 3
0 75 1
0 75 3
1 35 1
1 85 4
1 85 6
0 65 6
0 75 3
1 35 3
1 75 2
1 45 4
0 85 3
0 65 8
1 65 4
1 55 7
1 55 10
1 55 1
1 15 3
1 75 2
1 85 2
0 15 4
1 75 2
0 45 2
1 75 5
1 75 2
1 85 2
0 35 9
0 65 1
0 75 1
1 55 5
0 75 2
1 85 2
0 65 8
0 75 11
0 75 8
1 85 5
1 85 6
0 75 1
1 85 12
0 75 4
0 85 2
1 55 1
1 85 4
0 45 7
0 75 10
0 85 1
1 75 6
1 85 5
1 95 5
0 35 2
0 45 1
0 65 3
1 75 2
0 75 3
1 65 2
1 75 11
1 95 3
0 75 5
1 75 10
1 85 3
1 75 3
1 85 1
1 45 5
1 55 6
1 45 2
1 35 5
0 75 4
1 65 3
0 85 5
1 35 2
1 15 1
1 45 4
0 35 1
0 75 2
1 85 2
0 65 2
0 85 11
0 65 2
0 65 1
1 85 5
0 85 5
1 75 6
1 75 3
0 15 3
1 85 4
1 75 5
0 85 5
0 45 4
0 55 1
0 55 1
1 75 2
1 75 6
1 45 2
1 65 2
1 35 6
1 65 9
0 65 4
0 35 3
1 15 2
0 75 13
0 75 5
0 65 2
0 45 7
0 65 3
1 85 2
0 65 12
0 95 4
1 45 2
1 45 7
0 85 3
1 45 14
1 65 4
1 85 9
1 55 5
1 75 2
1 85 10
0 65 10
0 85 7
1 55 6
0 75 5
0 55 1
1 75 4
0 85 3
1 75 1
1 85 3
0 45 2
1 85 2
1 65 3
1 55 3
1 75 2
0 85 9
1 75 1
1 85 2
1 75 7
1 65 6
0 85 7
0 75 1
0 65 2
1 65 4
0 85 8
0 75 11
0 95 1
1 75 6
0 45 1
1 75 4
1 85 4
0 15 2
1 85 14
1 75 5
1 75 12
1 45 2
0 65 1
1 75 2
1 75 5
1 75 6
0 95 3
1 65 7
0 65 8
1 55 3
0 55 3
1 75 11
0 75 1
0 75 8
1 45 2
1 45 7
0 55 1
1 35 2
1 75 7
0 85 5
1 85 4
0 75 13
1 75 4
0 55 1
0 55 3
1 75 2
1 25 2
1 55 3
0 55 10
1 85 1
0 45 1
0 75 12
1 65 5
0 95 5
0 75 3
0 75 1
1 85 3
0 85 7
0 75 11
1 55 2
1 95 3
1 75 1
0 85 6
0 85 2
1 75 3
1 75 7
0 55 3
1 75 2
1 85 4
0 35 11
0 55 3
1 85 2
0 55 2
1 55 3
0 85 3
0 55 7
1 85 5
1 55 2
1 45 3
1 75 7
0 75 4
0 55 3
1 65 1
0 55 2
